loss: 0.14457987667671565
epoch: 124
loss: 0.14317343445687458
